1
Black	[10, 7, 8, 8, 9, 11, 12, 11, 7, 5, 5, 5, 5, 5, 5, 5, 5, 5, 3, 0, 0, 0, 0, 0, 0, 0, 0]
Pink	[10, 13, 10, 8, 8, 6, 4, 2, 1, 0, 0, 0, 0, 0, 0, 0, 0, 0, 0, 0, 0, 0, 0, 0, 0, 0, 0]
Blue	[10, 10, 11, 12, 10, 9, 8, 7, 9, 9, 11, 11, 11, 11, 6, 4, 1, 1, 0, 0, 0, 0, 0, 0, 0, 0, 0]
Brown	[10, 10, 11, 11, 12, 13, 14, 16, 19, 21, 19, 19, 21, 21, 25, 27, 32, 37, 41, 45, 49, 50, 50, 50, 50, 50, 50]
Green	[10, 10, 10, 11, 11, 11, 12, 14, 14, 15, 15, 15, 13, 13, 14, 14, 12, 7, 6, 5, 1, 0, 0, 0, 0, 0, 0]
2
Black	[40, 33, 25, 22, 19, 13, 18, 19, 26, 28, 33, 39, 47, 53, 62, 63, 69, 72, 71, 73, 76, 76, 76, 76, 76, 76, 76, 76, 76, 76, 76, 76, 76, 76, 76, 76, 76, 76, 76, 76, 76, 76, 76, 76, 76, 76, 76, 76, 76, 76]
Pink	[60, 67, 75, 77, 80, 85, 79, 76, 68, 64, 59, 53, 44, 34, 25, 18, 8, 5, 7, 4, 0, 0, 0, 0, 0, 0, 0, 0, 0, 0, 0, 0, 0, 0, 0, 0, 0, 0, 0, 0, 0, 0, 0, 0, 0, 0, 0, 0, 0, 0]
Green	[10, 10, 10, 11, 11, 12, 13, 15, 16, 18, 18, 18, 19, 23, 23, 29, 33, 33, 32, 33, 34, 34, 34, 34, 34, 34, 34, 34, 34, 34, 34, 34, 34, 34, 34, 34, 34, 34, 34, 34, 34, 34, 34, 34, 34, 34, 34, 34, 34, 34]
3
Black	[50, 42, 36, 29, 25, 20, 18, 9, 0]
Blue	[10, 15, 12, 12, 11, 7, 0, 0, 0]
Brown	[30, 33, 42, 49, 54, 63, 72, 81, 90]
4
Pink	[80, 91, 76, 63, 48, 38, 27, 11, 3, 1, 0]
Blue	[40, 33, 36, 43, 46, 40, 35, 32, 21, 5, 0]
Brown	[90, 86, 98, 104, 116, 132, 148, 167, 186, 204, 210]
5
Pink	[70, 72, 64, 57, 49, 41, 26, 14, 5, 0, 0, 0, 0]
Blue	[20, 18, 15, 10, 7, 6, 5, 3, 2, 0, 0, 0, 0]
Brown	[60, 60, 71, 83, 94, 103, 119, 133, 143, 150, 150, 153, 160]
Green	[10, 10, 10, 10, 10, 10, 10, 10, 10, 10, 10, 7, 0]
6
Black	[10, 2, 0, 0, 0, 0, 0, 0, 0, 0, 0, 0, 0, 0, 0, 0, 0]
Pink	[10, 13, 7, 5, 3, 3, 3, 3, 1, 0, 0, 0, 0, 0, 0, 0, 0]
Brown	[20, 25, 27, 25, 22, 20, 24, 27, 34, 42, 50, 56, 62, 68, 73, 79, 80]
Green	[40, 40, 46, 50, 55, 57, 53, 50, 45, 38, 30, 24, 18, 12, 7, 1, 0]
7
Black	[30, 11, 0, 0, 0, 0, 0, 0, 0, 0, 0, 0, 0, 0, 0, 0, 0]
Pink	[10, 12, 5, 1, 1, 2, 2, 1, 1, 0, 0, 0, 0, 0, 0, 0, 0]
Blue	[40, 51, 60, 53, 47, 38, 34, 33, 24, 19, 9, 5, 3, 0, 0, 0, 0]
Brown	[20, 23, 29, 35, 40, 46, 51, 60, 73, 87, 106, 125, 144, 163, 179, 189, 190]
Green	[90, 93, 96, 101, 102, 104, 103, 96, 92, 84, 75, 60, 43, 27, 11, 1, 0]
8
Black	[50, 30, 15, 1, 0, 0, 0, 0, 0, 0, 0]
Pink	[20, 24, 18, 10, 6, 4, 2, 0, 0, 0, 0]
Brown	[80, 96, 117, 139, 144, 146, 161, 179, 198, 213, 220]
Green	[70, 70, 70, 70, 70, 70, 57, 41, 22, 7, 0]
9
Black	[70, 60, 48, 34, 20, 8, 0, 0, 0, 0, 0, 0, 0, 0, 0, 0, 0, 0, 0, 0, 0, 0, 0, 0, 0, 0, 0, 0, 0, 0, 0, 0, 0, 0, 0, 0, 0, 0, 0, 0, 0, 0, 0, 0, 0, 0, 0, 0, 0, 0]
Pink	[10, 16, 20, 25, 26, 26, 18, 17, 17, 18, 18, 22, 21, 21, 20, 25, 25, 30, 32, 31, 33, 33, 33, 33, 31, 34, 36, 32, 28, 29, 30, 31, 28, 30, 28, 30, 24, 22, 24, 23, 24, 20, 19, 20, 21, 19, 19, 18, 18, 18]
Blue	[30, 32, 36, 42, 49, 54, 62, 57, 60, 61, 64, 66, 73, 80, 86, 89, 93, 91, 96, 99, 98, 96, 99, 102, 103, 100, 95, 104, 108, 109, 106, 106, 108, 107, 108, 107, 111, 109, 107, 108, 107, 109, 106, 103, 98, 95, 95, 97, 96, 93]
Brown	[10, 11, 13, 14, 16, 20, 25, 29, 25, 22, 23, 24, 25, 25, 25, 25, 26, 26, 24, 23, 23, 25, 23, 22, 23, 23, 27, 25, 27, 27, 28, 28, 31, 30, 31, 30, 32, 36, 36, 36, 36, 38, 42, 44, 48, 53, 53, 53, 54, 57]
Green	[50, 51, 53, 55, 59, 62, 65, 67, 68, 69, 65, 58, 51, 44, 39, 31, 26, 23, 18, 17, 16, 16, 15, 13, 13, 13, 12, 9, 7, 5, 6, 5, 3, 3, 3, 3, 3, 3, 3, 3, 3, 3, 3, 3, 3, 3, 3, 2, 2, 2]
10
Black	[20, 0, 0, 0, 0, 0, 0, 0, 0, 0, 0, 0, 0, 0, 0, 0, 0, 0, 0, 0, 0, 0, 0, 0]
Pink	[90, 112, 100, 96, 102, 109, 114, 110, 111, 110, 101, 94, 79, 68, 52, 47, 31, 23, 14, 9, 4, 1, 1, 0]
Blue	[90, 87, 95, 95, 87, 76, 64, 64, 64, 63, 60, 53, 52, 48, 41, 27, 20, 17, 15, 6, 2, 2, 0, 0]
Brown	[70, 71, 75, 79, 80, 83, 89, 91, 88, 89, 98, 111, 127, 141, 164, 183, 206, 218, 241, 269, 294, 307, 309, 310]
Green	[40, 40, 40, 40, 41, 42, 43, 45, 47, 48, 51, 52, 52, 53, 53, 53, 53, 52, 40, 26, 10, 0, 0, 0]
11
Black	[40, 23, 3, 3, 2, 2, 2, 1, 1, 1, 1, 0, 0, 0, 0, 0, 0, 0, 0, 0, 0, 0, 0, 0, 0, 0, 0, 0, 0, 0, 0, 0, 0, 0, 0, 0, 0, 0, 0, 0, 0, 0, 0, 0, 0, 0, 0, 0, 0, 0]
Pink	[30, 38, 42, 32, 28, 32, 28, 33, 38, 42, 40, 36, 38, 39, 38, 37, 39, 41, 37, 41, 41, 38, 39, 35, 38, 40, 41, 41, 35, 37, 42, 42, 39, 40, 46, 49, 52, 45, 43, 45, 46, 42, 47, 48, 47, 47, 45, 48, 45, 44]
Blue	[50, 57, 67, 72, 76, 77, 89, 101, 111, 125, 136, 144, 153, 159, 164, 168, 170, 168, 173, 169, 169, 172, 171, 175, 172, 170, 169, 169, 175, 173, 168, 168, 171, 170, 164, 161, 158, 165, 167, 165, 164, 168, 163, 162, 163, 163, 165, 162, 165, 166]
Brown	[10, 10, 10, 10, 10, 6, 1, 1, 1, 1, 1, 0, 0, 0, 0, 0, 0, 0, 0, 0, 0, 0, 0, 0, 0, 0, 0, 0, 0, 0, 0, 0, 0, 0, 0, 0, 0, 0, 0, 0, 0, 0, 0, 0, 0, 0, 0, 0, 0, 0]
Green	[80, 82, 88, 93, 94, 93, 90, 74, 59, 41, 32, 30, 19, 12, 8, 5, 1, 1, 0, 0, 0, 0, 0, 0, 0, 0, 0, 0, 0, 0, 0, 0, 0, 0, 0, 0, 0, 0, 0, 0, 0, 0, 0, 0, 0, 0, 0, 0, 0, 0]
12
Black	[30, 17, 4, 0, 0, 0, 0, 0, 0, 0, 0, 0, 0, 0, 0, 0, 0, 0, 0, 0, 0, 0, 0, 0, 0, 0, 0, 0, 0, 0, 0, 0, 0, 0, 0, 0, 0, 0, 0, 0, 0, 0, 0, 0, 0, 0, 0, 0, 0, 0]
Pink	[30, 40, 48, 43, 33, 27, 29, 34, 39, 44, 41, 38, 36, 40, 38, 41, 38, 37, 38, 37, 35, 36, 32, 30, 32, 34, 35, 34, 34, 32, 33, 29, 30, 27, 28, 29, 32, 30, 29, 31, 33, 32, 35, 32, 32, 30, 30, 33, 32, 29]
Blue	[10, 13, 18, 21, 26, 28, 35, 40, 47, 53, 59, 65, 69, 69, 73, 72, 78, 81, 83, 88, 92, 94, 98, 100, 98, 96, 95, 96, 96, 98, 97, 101, 100, 103, 102, 101, 98, 100, 101, 99, 97, 98, 95, 98, 98, 100, 100, 97, 98, 101]
Green	[60, 60, 60, 66, 71, 75, 66, 56, 44, 33, 30, 27, 25, 21, 19, 17, 14, 12, 9, 5, 3, 0, 0, 0, 0, 0, 0, 0, 0, 0, 0, 0, 0, 0, 0, 0, 0, 0, 0, 0, 0, 0, 0, 0, 0, 0, 0, 0, 0, 0]
13
Black	[60, 47, 40, 32, 27, 17, 5, 7, 8, 10, 12, 13, 13, 14, 15, 17, 18, 20, 25, 28, 27, 29, 30, 36, 45, 48, 54, 60, 68, 78, 85, 97, 107, 114, 119, 129, 142, 148, 148, 148, 149, 149, 150]
Pink	[80, 93, 99, 105, 108, 116, 123, 118, 114, 109, 104, 101, 99, 102, 99, 97, 99, 97, 93, 91, 91, 91, 91, 86, 78, 71, 62, 55, 45, 34, 22, 14, 8, 5, 3, 1, 1, 1, 1, 1, 0, 0, 0]
Blue	[10, 10, 11, 13, 15, 17, 22, 25, 28, 31, 34, 36, 38, 34, 36, 36, 33, 33, 32, 31, 32, 30, 29, 28, 27, 31, 34, 35, 37, 38, 43, 39, 35, 31, 28, 20, 7, 1, 1, 1, 1, 1, 0]
14
Black	[50, 39, 31, 25, 14, 7, 6, 4, 4, 4, 4, 4, 0, 0, 0]
Blue	[90, 101, 109, 115, 126, 133, 134, 136, 136, 138, 139, 142, 146, 148, 150]
Green	[10, 10, 10, 10, 10, 10, 10, 10, 10, 8, 7, 4, 4, 2, 0]
15
Black	[90, 70, 54, 41, 24, 15, 14, 14, 15, 17, 19, 21, 22, 24, 26, 29, 31, 32, 35, 35, 35, 38, 38, 37, 41, 41, 42, 39, 36, 33, 30, 22, 17, 16, 13, 13, 3, 0, 0, 0, 0, 0, 0, 0, 0, 0, 0, 0, 0, 0]
Pink	[60, 81, 90, 93, 105, 106, 105, 107, 116, 118, 127, 132, 131, 127, 120, 113, 107, 101, 98, 100, 103, 99, 101, 97, 89, 80, 81, 81, 81, 79, 78, 87, 84, 86, 84, 79, 80, 88, 91, 88, 92, 96, 98, 98, 94, 90, 91, 87, 85, 88]
Blue	[40, 37, 38, 42, 46, 53, 51, 55, 58, 61, 67, 70, 71, 73, 73, 73, 78, 81, 81, 77, 77, 77, 74, 79, 81, 86, 83, 85, 89, 95, 102, 108, 118, 126, 133, 144, 156, 160, 166, 171, 167, 163, 161, 161, 165, 169, 168, 172, 175, 172]
Green	[70, 72, 78, 84, 85, 86, 90, 84, 71, 64, 47, 37, 36, 36, 41, 45, 44, 46, 46, 48, 45, 46, 47, 47, 49, 53, 54, 55, 54, 53, 50, 43, 41, 32, 30, 24, 21, 12, 3, 1, 1, 1, 1, 1, 1, 1, 1, 1, 0, 0]
16
Black	[50, 38, 31, 30, 35, 27, 34, 45, 55, 66, 76, 85, 94, 99, 108, 108, 116, 117, 117, 117, 118, 118, 118, 118, 118, 118, 118, 118, 118, 118, 118, 118, 118, 118, 118, 118, 118, 118, 118, 118, 118, 118, 118, 118, 118, 118, 118, 118, 118, 118]
Pink	[60, 72, 79, 79, 74, 79, 71, 60, 50, 39, 24, 17, 15, 16, 9, 11, 4, 1, 1, 1, 0, 0, 0, 0, 0, 0, 0, 0, 0, 0, 0, 0, 0, 0, 0, 0, 0, 0, 0, 0, 0, 0, 0, 0, 0, 0, 0, 0, 0, 0]
Green	[50, 50, 50, 51, 51, 54, 55, 55, 55, 55, 60, 58, 51, 45, 43, 41, 40, 42, 42, 42, 42, 42, 42, 42, 42, 42, 42, 42, 42, 42, 42, 42, 42, 42, 42, 42, 42, 42, 42, 42, 42, 42, 42, 42, 42, 42, 42, 42, 42, 42]
17
Black	[80, 63, 60, 45, 27, 7, 8, 7, 7, 7, 8, 3, 2, 1, 1, 0, 0, 0, 0, 0, 0, 0, 0, 0, 0, 0, 0, 0, 0, 0, 0, 0, 0, 0, 0, 0, 0, 0, 0, 0, 0, 0, 0, 0, 0, 0, 0, 0, 0, 0]
Pink	[50, 62, 58, 63, 73, 81, 76, 74, 85, 90, 95, 98, 103, 103, 97, 97, 93, 93, 95, 94, 94, 95, 101, 100, 97, 98, 93, 91, 94, 92, 90, 93, 91, 90, 89, 87, 85, 86, 87, 92, 89, 85, 86, 83, 80, 80, 80, 81, 83, 90]
Blue	[80, 84, 91, 101, 109, 121, 124, 126, 114, 111, 115, 123, 122, 123, 129, 131, 135, 135, 135, 136, 136, 135, 129, 130, 133, 132, 137, 139, 136, 138, 140, 137, 139, 140, 141, 143, 145, 144, 143, 138, 141, 145, 144, 147, 150, 150, 150, 149, 147, 140]
Green	[20, 21, 21, 21, 21, 21, 22, 23, 24, 22, 12, 6, 3, 3, 3, 2, 2, 2, 0, 0, 0, 0, 0, 0, 0, 0, 0, 0, 0, 0, 0, 0, 0, 0, 0, 0, 0, 0, 0, 0, 0, 0, 0, 0, 0, 0, 0, 0, 0, 0]
18
Black	[90, 71, 60, 55, 53, 59, 65, 66, 72, 64, 65, 68, 70, 72, 72, 72, 73, 76, 80, 88, 98, 103, 109, 116, 119, 119, 111, 100, 92, 80, 66, 55, 47, 36, 24, 12, 4, 3, 3, 3, 0, 0, 0, 0, 0]
Pink	[10, 18, 25, 26, 26, 20, 14, 15, 9, 10, 7, 4, 3, 1, 2, 4, 7, 9, 11, 11, 6, 4, 1, 1, 0, 0, 0, 0, 0, 0, 0, 0, 0, 0, 0, 0, 0, 0, 0, 0, 0, 0, 0, 0, 0]
Blue	[20, 31, 35, 38, 40, 40, 40, 38, 37, 42, 42, 40, 37, 43, 42, 41, 45, 46, 39, 31, 28, 21, 19, 17, 20, 25, 26, 30, 26, 27, 33, 38, 49, 61, 71, 82, 100, 118, 136, 155, 169, 184, 192, 198, 200]
Green	[80, 80, 80, 81, 81, 81, 81, 81, 82, 84, 86, 88, 90, 84, 84, 83, 75, 69, 70, 70, 68, 72, 71, 66, 61, 56, 63, 70, 82, 93, 101, 107, 104, 103, 105, 106, 96, 79, 61, 42, 31, 16, 8, 2, 0]
19
Black	[60, 56, 62, 73, 75, 89, 100, 103, 103, 106, 113, 123, 129, 135, 143, 147, 149, 146, 148, 146, 141, 144, 146, 146, 146, 146, 146, 146, 146, 146, 146, 146, 146, 146, 146, 146, 146, 146, 146, 146, 146, 146, 146, 146, 146, 146, 146, 146, 146, 146]
Pink	[80, 85, 78, 69, 68, 58, 47, 43, 37, 32, 22, 12, 8, 4, 0, 0, 0, 0, 0, 0, 0, 0, 0, 0, 0, 0, 0, 0, 0, 0, 0, 0, 0, 0, 0, 0, 0, 0, 0, 0, 0, 0, 0, 0, 0, 0, 0, 0, 0, 0]
Blue	[20, 19, 20, 18, 17, 13, 13, 12, 16, 16, 18, 14, 10, 10, 11, 10, 6, 6, 2, 2, 4, 2, 0, 0, 0, 0, 0, 0, 0, 0, 0, 0, 0, 0, 0, 0, 0, 0, 0, 0, 0, 0, 0, 0, 0, 0, 0, 0, 0, 0]
Green	[30, 30, 30, 30, 30, 30, 30, 32, 34, 36, 37, 41, 43, 41, 36, 33, 35, 38, 40, 42, 45, 44, 44, 44, 44, 44, 44, 44, 44, 44, 44, 44, 44, 44, 44, 44, 44, 44, 44, 44, 44, 44, 44, 44, 44, 44, 44, 44, 44, 44]
20
Black	[80, 69, 63, 51, 42, 32, 21, 10, 3, 3, 3, 3, 3, 2, 1, 0, 0, 0, 0, 0, 0, 0, 0, 0, 0, 0, 0, 0, 0, 0, 0, 0, 0, 0, 0, 0, 0, 0, 0, 0, 0, 0, 0, 0, 0, 0, 0, 0, 0, 0]
Pink	[20, 30, 35, 45, 44, 43, 49, 48, 47, 51, 54, 58, 60, 64, 59, 55, 53, 51, 54, 53, 54, 53, 53, 50, 53, 49, 47, 48, 48, 47, 50, 47, 44, 45, 46, 46, 40, 44, 43, 42, 43, 41, 44, 46, 41, 42, 45, 46, 48, 47]
Blue	[40, 41, 42, 44, 54, 65, 70, 82, 90, 86, 83, 79, 77, 74, 80, 85, 87, 89, 86, 87, 86, 87, 87, 90, 87, 91, 93, 92, 92, 93, 90, 93, 96, 95, 94, 94, 100, 96, 97, 98, 97, 99, 96, 94, 99, 98, 95, 94, 92, 93]
21
Black	[90, 82, 78, 72, 65, 66, 67, 66, 75, 78, 92, 106, 115, 117, 126, 137, 150, 161, 176, 178, 178, 178, 178, 178, 178, 179, 183, 186, 186, 186, 186, 186, 186, 186, 186, 186, 186, 186, 186, 186, 186, 186, 186, 186, 186, 186, 186, 186, 186, 186]
Pink	[70, 78, 82, 88, 95, 94, 93, 94, 85, 82, 68, 54, 45, 43, 34, 28, 15, 12, 10, 8, 8, 8, 8, 8, 8, 7, 3, 0, 0, 0, 0, 0, 0, 0, 0, 0, 0, 0, 0, 0, 0, 0, 0, 0, 0, 0, 0, 0, 0, 0]
Green	[30, 30, 30, 30, 30, 30, 30, 30, 30, 30, 30, 30, 30, 30, 30, 25, 25, 17, 4, 4, 4, 4, 4, 4, 4, 4, 4, 4, 4, 4, 4, 4, 4, 4, 4, 4, 4, 4, 4, 4, 4, 4, 4, 4, 4, 4, 4, 4, 4, 4]
22
